SAMPLE	SOURCE	HAPLOTYPE	H1H2	H1Dup_1	H1Dup_2	H1Dup_3	H2Dup_1	H2Dup_2	C68H1_1	C68H1_2	C68H1_3	C68H1_4	C68H2_1	C68H2_2
HG00103	1KG	H1.1.1	0	1	0	0	0	0	1	0	0	0	0	0
HG00103	1KG	H1.1.2	0	1	0	0	0	0	1	1	0	0	0	0
HG00108	1KG	H1.1.1	0	1	0	0	0	0	1	0	0	0	0	0
HG00108	1KG	H1.1.1	0	1	0	0	0	0	1	0	0	0	0	0
HG00112	1KG	H1.1.1	0	1	0	0	0	0	1	0	0	0	0	0
HG00112	1KG	H1.1.1	0	1	0	0	0	0	1	0	0	0	0	0
HG00116	1KG	H1.1.1	0	1	0	0	0	0	1	0	0	0	0	0
HG00116	1KG	H1.2.1	0	1	1	0	0	0	1	0	0	0	0	0
HG00117	1KG	H1.1.1	0	1	0	0	0	0	1	0	0	0	0	0
HG00117	1KG	H1.1.1	0	1	0	0	0	0	1	0	0	0	0	0
HG00120	1KG	H1.1.2	0	1	0	0	0	0	1	1	0	0	0	0
HG00120	1KG	H1.2.1	0	1	1	0	0	0	1	0	0	0	0	0
HG00123	1KG	H1.1.3	0	1	0	0	0	0	1	1	1	0	0	0
HG00123	1KG	H1.2.1	0	1	1	0	0	0	1	0	0	0	0	0
HG00125	1KG	H1.2.1	0	1	1	0	0	0	1	0	0	0	0	0
HG00125	1KG	H2.2.2	1	0	0	0	1	1	0	0	0	0	1	1
HG00136	1KG	H1.2.1	0	1	1	0	0	0	1	0	0	0	0	0
HG00136	1KG	H2.2.2	1	0	0	0	1	1	0	0	0	0	1	1
HG00137	1KG	H1.2.1	0	1	1	0	0	0	1	0	0	0	0	0
HG00137	1KG	H2.2.2	1	0	0	0	1	1	0	0	0	0	1	1
HG00139	1KG	H1.1.1	0	1	0	0	0	0	1	0	0	0	0	0
HG00139	1KG	H1.1.1	0	1	0	0	0	0	1	0	0	0	0	0
HG00140	1KG	H1.2.1	0	1	1	0	0	0	1	0	0	0	0	0
HG00140	1KG	H2.2.2	1	0	0	0	1	1	0	0	0	0	1	1
HG00142	1KG	H1.1.1	0	1	0	0	0	0	1	0	0	0	0	0
HG00142	1KG	H1.1.2	0	1	0	0	0	0	1	1	0	0	0	0
HG00154	1KG	H1.1.1	0	1	0	0	0	0	1	0	0	0	0	0
HG00154	1KG	H1.1.1	0	1	0	0	0	0	1	0	0	0	0	0
HG00156	1KG	H1.1.1	0	1	0	0	0	0	1	0	0	0	0	0
HG00156	1KG	H1.2.1	0	1	1	0	0	0	1	0	0	0	0	0
HG00159	1KG	H1.2.1	0	1	1	0	0	0	1	0	0	0	0	0
HG00159	1KG	H2.2.2	1	0	0	0	1	1	0	0	0	0	1	1
HG00171	1KG	H1.1.3	0	1	0	0	0	0	1	1	1	0	0	0
HG00171	1KG	H1.2.1	0	1	1	0	0	0	1	0	0	0	0	0
HG00173	1KG	H1.1.1	0	1	0	0	0	0	1	0	0	0	0	0
HG00173	1KG	H1.2.1	0	1	1	0	0	0	1	0	0	0	0	0
HG00176	1KG	H1.1.1	0	1	0	0	0	0	1	0	0	0	0	0
HG00176	1KG	H1.1.1	0	1	0	0	0	0	1	0	0	0	0	0
HG00178	1KG	H1.1.1	0	1	0	0	0	0	1	0	0	0	0	0
HG00178	1KG	H1.1.1	0	1	0	0	0	0	1	0	0	0	0	0
HG00179	1KG	H1.1.1	0	1	0	0	0	0	1	0	0	0	0	0
HG00179	1KG	H1.2.1	0	1	1	0	0	0	1	0	0	0	0	0
HG00180	1KG	H1.2.1	0	1	1	0	0	0	1	0	0	0	0	0
HG00180	1KG	H2.2.2	1	0	0	0	1	1	0	0	0	0	1	1
HG00188	1KG	H1.1.1	0	1	0	0	0	0	1	0	0	0	0	0
HG00188	1KG	H1.2.1	0	1	1	0	0	0	1	0	0	0	0	0
HG00232	1KG	H1.1.3	0	1	0	0	0	0	1	1	1	0	0	0
HG00232	1KG	H1.2.1	0	1	1	0	0	0	1	0	0	0	0	0
HG00236	1KG	H1.1.1	0	1	0	0	0	0	1	0	0	0	0	0
HG00236	1KG	H1.1.1	0	1	0	0	0	0	1	0	0	0	0	0
HG00237	1KG	H1.2.1	0	1	1	0	0	0	1	0	0	0	0	0
HG00237	1KG	H2.1.2	1	0	0	0	1	0	0	0	0	0	1	1
HG00244	1KG	H1.1.1	0	1	0	0	0	0	1	0	0	0	0	0
HG00244	1KG	H1.1.1	0	1	0	0	0	0	1	0	0	0	0	0
HG00245	1KG	H1.1.1	0	1	0	0	0	0	1	0	0	0	0	0
HG00245	1KG	H1.1.1	0	1	0	0	0	0	1	0	0	0	0	0
HG00249	1KG	H1.1.1	0	1	0	0	0	0	1	0	0	0	0	0
HG00249	1KG	H1.2.1	0	1	1	0	0	0	1	0	0	0	0	0
HG00253	1KG	H1.1.1	0	1	0	0	0	0	1	0	0	0	0	0
HG00253	1KG	H1.1.1	0	1	0	0	0	0	1	0	0	0	0	0
HG00254	1KG	H1.2.1	0	1	1	0	0	0	1	0	0	0	0	0
HG00254	1KG	H2.2.2	1	0	0	0	1	1	0	0	0	0	1	1
HG00256	1KG	H1.2.1	0	1	1	0	0	0	1	0	0	0	0	0
HG00256	1KG	H2.2.2	1	0	0	0	1	1	0	0	0	0	1	1
HG00258	1KG	H1.1.1	0	1	0	0	0	0	1	0	0	0	0	0
HG00258	1KG	H1.2.1	0	1	1	0	0	0	1	0	0	0	0	0
HG00261	1KG	H1.1.3	0	1	0	0	0	0	1	1	1	0	0	0
HG00261	1KG	H1.2.1	0	1	1	0	0	0	1	0	0	0	0	0
HG00263	1KG	H1.2.1	0	1	1	0	0	0	1	0	0	0	0	0
HG00263	1KG	H2.2.2	1	0	0	0	1	1	0	0	0	0	1	1
HG00265	1KG	H1.2.1	0	1	1	0	0	0	1	0	0	0	0	0
HG00265	1KG	H2.2.2	1	0	0	0	1	1	0	0	0	0	1	1
HG00266	1KG	H1.1.1	0	1	0	0	0	0	1	0	0	0	0	0
HG00266	1KG	H1.1.1	0	1	0	0	0	0	1	0	0	0	0	0
HG00267	1KG	H1.1.3	0	1	0	0	0	0	1	1	1	0	0	0
HG00267	1KG	H1.2.1	0	1	1	0	0	0	1	0	0	0	0	0
HG00268	1KG	H1.1.1	0	1	0	0	0	0	1	0	0	0	0	0
HG00268	1KG	H1.1.2	0	1	0	0	0	0	1	1	0	0	0	0
HG00269	1KG	H1.1.1	0	1	0	0	0	0	1	0	0	0	0	0
HG00269	1KG	H1.1.2	0	1	0	0	0	0	1	1	0	0	0	0
HG00270	1KG	H1.1.1	0	1	0	0	0	0	1	0	0	0	0	0
HG00270	1KG	H1.1.2	0	1	0	0	0	0	1	1	0	0	0	0
HG00271	1KG	H1.1.1	0	1	0	0	0	0	1	0	0	0	0	0
HG00271	1KG	H1.2.1	0	1	1	0	0	0	1	0	0	0	0	0
HG00273	1KG	H1.1.1	0	1	0	0	0	0	1	0	0	0	0	0
HG00273	1KG	H1.1.1	0	1	0	0	0	0	1	0	0	0	0	0
HG00274	1KG	H1.1.1	0	1	0	0	0	0	1	0	0	0	0	0
HG00274	1KG	H1.1.1	0	1	0	0	0	0	1	0	0	0	0	0
HG00278	1KG	H1.1.4	0	1	0	0	0	0	1	1	1	1	0	0
HG00278	1KG	H1.2.1	0	1	1	0	0	0	1	0	0	0	0	0
HG00285	1KG	H1.1.1	0	1	0	0	0	0	1	0	0	0	0	0
HG00285	1KG	H1.1.2	0	1	0	0	0	0	1	1	0	0	0	0
HG00306	1KG	H1.1.1	0	1	0	0	0	0	1	0	0	0	0	0
HG00306	1KG	H1.1.1	0	1	0	0	0	0	1	0	0	0	0	0
HG00309	1KG	H1.1.1	0	1	0	0	0	0	1	0	0	0	0	0
HG00309	1KG	H1.2.1	0	1	1	0	0	0	1	0	0	0	0	0
HG00319	1KG	H1.1.4	0	1	0	0	0	0	1	1	1	1	0	0
HG00319	1KG	H1.2.1	0	1	1	0	0	0	1	0	0	0	0	0
HG00323	1KG	H1.1.1	0	1	0	0	0	0	1	0	0	0	0	0
HG00323	1KG	H1.1.1	0	1	0	0	0	0	1	0	0	0	0	0
HG00325	1KG	H1.1.1	0	1	0	0	0	0	1	0	0	0	0	0
HG00325	1KG	H1.1.1	0	1	0	0	0	0	1	0	0	0	0	0
HG00335	1KG	H1.1.2	0	1	0	0	0	0	1	1	0	0	0	0
HG00335	1KG	H1.2.1	0	1	1	0	0	0	1	0	0	0	0	0
HG00339	1KG	H1.1.1	0	1	0	0	0	0	1	0	0	0	0	0
HG00339	1KG	H1.1.1	0	1	0	0	0	0	1	0	0	0	0	0
HG00342	1KG	H1.1.1	0	1	0	0	0	0	1	0	0	0	0	0
HG00342	1KG	H1.2.1	0	1	1	0	0	0	1	0	0	0	0	0
HG00346	1KG	H1.1.3	0	1	0	0	0	0	1	1	1	0	0	0
HG00346	1KG	H1.2.1	0	1	1	0	0	0	1	0	0	0	0	0
HG00353	1KG	H1.1.1	0	1	0	0	0	0	1	0	0	0	0	0
HG00353	1KG	H1.1.1	0	1	0	0	0	0	1	0	0	0	0	0
HG00357	1KG	H1.1.1	0	1	0	0	0	0	1	0	0	0	0	0
HG00357	1KG	H1.1.1	0	1	0	0	0	0	1	0	0	0	0	0
HG00361	1KG	H1.1.1	0	1	0	0	0	0	1	0	0	0	0	0
HG00361	1KG	H1.2.1	0	1	1	0	0	0	1	0	0	0	0	0
HG00369	1KG	H1.1.1	0	1	0	0	0	0	1	0	0	0	0	0
HG00369	1KG	H1.2.1	0	1	1	0	0	0	1	0	0	0	0	0
HG00372	1KG	H1.1.1	0	1	0	0	0	0	1	0	0	0	0	0
HG00372	1KG	H1.1.2	0	1	0	0	0	0	1	1	0	0	0	0
HG00427	1KG	H1.1.4	0	1	0	0	0	0	1	1	1	1	0	0
HG00427	1KG	H1.1.4	0	1	0	0	0	0	1	1	1	1	0	0
HG00428	1KG	H1.1.1	0	1	0	0	0	0	1	0	0	0	0	0
HG00428	1KG	H1.1.2	0	1	0	0	0	0	1	1	0	0	0	0
HG00443	1KG	H1.1.1	0	1	0	0	0	0	1	0	0	0	0	0
HG00443	1KG	H1.1.1	0	1	0	0	0	0	1	0	0	0	0	0
HG00473	1KG	H1.1.1	0	1	0	0	0	0	1	0	0	0	0	0
HG00473	1KG	H1.1.1	0	1	0	0	0	0	1	0	0	0	0	0
HG00475	1KG	H1.1.1	0	1	0	0	0	0	1	0	0	0	0	0
HG00475	1KG	H1.1.1	0	1	0	0	0	0	1	0	0	0	0	0
HG00500	1KG	H1.1.3	0	1	0	0	0	0	1	1	1	0	0	0
HG00500	1KG	H1.1.4	0	1	0	0	0	0	1	1	1	1	0	0
HG00512	1KG	H1.1.1	0	1	0	0	0	0	1	0	0	0	0	0
HG00512	1KG	H1.1.1	0	1	0	0	0	0	1	0	0	0	0	0
HG00513	1KG	H1.1.4	0	1	0	0	0	0	1	1	1	1	0	0
HG00513	1KG	H1.1.4	0	1	0	0	0	0	1	1	1	1	0	0
HG00530	1KG	H1.1.4	0	1	0	0	0	0	1	1	1	1	0	0
HG00530	1KG	H1.1.4	0	1	0	0	0	0	1	1	1	1	0	0
HG00536	1KG	H1.1.1	0	1	0	0	0	0	1	0	0	0	0	0
HG00536	1KG	H1.1.2	0	1	0	0	0	0	1	1	0	0	0	0
HG00543	1KG	H1.1.1	0	1	0	0	0	0	1	0	0	0	0	0
HG00543	1KG	H1.1.1	0	1	0	0	0	0	1	0	0	0	0	0
HG00553	1KG	H1.1.1	0	1	0	0	0	0	1	0	0	0	0	0
HG00553	1KG	H1.1.1	0	1	0	0	0	0	1	0	0	0	0	0
HG00560	1KG	H1.1.1	0	1	0	0	0	0	1	0	0	0	0	0
HG00560	1KG	H1.1.2	0	1	0	0	0	0	1	1	0	0	0	0
HG00565	1KG	H1.1.1	0	1	0	0	0	0	1	0	0	0	0	0
HG00565	1KG	H1.1.1	0	1	0	0	0	0	1	0	0	0	0	0
HG00566	1KG	H1.1.1	0	1	0	0	0	0	1	0	0	0	0	0
HG00566	1KG	H1.1.1	0	1	0	0	0	0	1	0	0	0	0	0
HG00580	1KG	H1.1.1	0	1	0	0	0	0	1	0	0	0	0	0
HG00580	1KG	H1.1.1	0	1	0	0	0	0	1	0	0	0	0	0
HG00589	1KG	H1.1.1	0	1	0	0	0	0	1	0	0	0	0	0
HG00589	1KG	H1.1.1	0	1	0	0	0	0	1	0	0	0	0	0
HG00593	1KG	H1.1.1	0	1	0	0	0	0	1	0	0	0	0	0
HG00593	1KG	H1.1.2	0	1	0	0	0	0	1	1	0	0	0	0
HG00596	1KG	H1.1.1	0	1	0	0	0	0	1	0	0	0	0	0
HG00596	1KG	H1.1.2	0	1	0	0	0	0	1	1	0	0	0	0
HG00614	1KG	H1.1.1	0	1	0	0	0	0	1	0	0	0	0	0
HG00614	1KG	H1.1.2	0	1	0	0	0	0	1	1	0	0	0	0
HG00628	1KG	H1.1.1	0	1	0	0	0	0	1	0	0	0	0	0
HG00628	1KG	H1.1.2	0	1	0	0	0	0	1	1	0	0	0	0
HG00629	1KG	H1.1.1	0	1	0	0	0	0	1	0	0	0	0	0
HG00629	1KG	H1.1.2	0	1	0	0	0	0	1	1	0	0	0	0
HG00634	1KG	H1.1.1	0	1	0	0	0	0	1	0	0	0	0	0
HG00634	1KG	H1.1.2	0	1	0	0	0	0	1	1	0	0	0	0
HG00635	1KG	H1.1.1	0	1	0	0	0	0	1	0	0	0	0	0
HG00635	1KG	H1.1.1	0	1	0	0	0	0	1	0	0	0	0	0
HG00637	1KG	H1.1.1	0	1	0	0	0	0	1	0	0	0	0	0
HG00637	1KG	H1.1.2	0	1	0	0	0	0	1	1	0	0	0	0
HG00641	1KG	H1.1.1	0	1	0	0	0	0	1	0	0	0	0	0
HG00641	1KG	H1.1.2	0	1	0	0	0	0	1	1	0	0	0	0
HG00651	1KG	H1.1.1	0	1	0	0	0	0	1	0	0	0	0	0
HG00651	1KG	H1.1.1	0	1	0	0	0	0	1	0	0	0	0	0
HG00653	1KG	H1.1.1	0	1	0	0	0	0	1	0	0	0	0	0
HG00653	1KG	H1.1.1	0	1	0	0	0	0	1	0	0	0	0	0
HG00657	1KG	H1.1.1	0	1	0	0	0	0	1	0	0	0	0	0
HG00657	1KG	H1.1.2	0	1	0	0	0	0	1	1	0	0	0	0
HG00671	1KG	H1.1.1	0	1	0	0	0	0	1	0	0	0	0	0
HG00671	1KG	H1.1.1	0	1	0	0	0	0	1	0	0	0	0	0
HG00672	1KG	H1.1.1	0	1	0	0	0	0	1	0	0	0	0	0
HG00672	1KG	H1.1.1	0	1	0	0	0	0	1	0	0	0	0	0
HG00690	1KG	H1.1.1	0	1	0	0	0	0	1	0	0	0	0	0
HG00690	1KG	H1.1.1	0	1	0	0	0	0	1	0	0	0	0	0
HG00693	1KG	H1.1.1	0	1	0	0	0	0	1	0	0	0	0	0
HG00693	1KG	H1.1.2	0	1	0	0	0	0	1	1	0	0	0	0
HG00704	1KG	H1.1.1	0	1	0	0	0	0	1	0	0	0	0	0
HG00704	1KG	H1.1.1	0	1	0	0	0	0	1	0	0	0	0	0
HG00705	1KG	H1.1.3	0	1	0	0	0	0	1	1	1	0	0	0
HG00705	1KG	H1.1.4	0	1	0	0	0	0	1	1	1	1	0	0
HG00731	1KG	H1.1.1	0	1	0	0	0	0	1	0	0	0	0	0
HG00731	1KG	H1.2.1	0	1	1	0	0	0	1	0	0	0	0	0
HG00732	1KG	H1.1.1	0	1	0	0	0	0	1	0	0	0	0	0
HG00732	1KG	H1.1.2	0	1	0	0	0	0	1	1	0	0	0	0
HG00734	1KG	H1.1.2	0	1	0	0	0	0	1	1	0	0	0	0
HG00734	1KG	H1.2.1	0	1	1	0	0	0	1	0	0	0	0	0
HG00737	1KG	H1.1.1	0	1	0	0	0	0	1	0	0	0	0	0
HG00737	1KG	H1.1.1	0	1	0	0	0	0	1	0	0	0	0	0
HG00740	1KG	H1.2.1	0	1	1	0	0	0	1	0	0	0	0	0
HG00740	1KG	H2.2.2	1	0	0	0	1	1	0	0	0	0	1	1
HG01047	1KG	H1.1.2	0	1	0	0	0	0	1	1	0	0	0	0
HG01047	1KG	H1.2.1	0	1	1	0	0	0	1	0	0	0	0	0
HG01048	1KG	H1.1.1	0	1	0	0	0	0	1	0	0	0	0	0
HG01048	1KG	H1.1.1	0	1	0	0	0	0	1	0	0	0	0	0
HG01055	1KG	H1.1.1	0	1	0	0	0	0	1	0	0	0	0	0
HG01055	1KG	H1.1.1	0	1	0	0	0	0	1	0	0	0	0	0
HG01061	1KG	H1.1.1	0	1	0	0	0	0	1	0	0	0	0	0
HG01061	1KG	H1.1.1	0	1	0	0	0	0	1	0	0	0	0	0
HG01067	1KG	H1.1.1	0	1	0	0	0	0	1	0	0	0	0	0
HG01067	1KG	H1.2.1	0	1	1	0	0	0	1	0	0	0	0	0
HG01069	1KG	H1.1.1	0	1	0	0	0	0	1	0	0	0	0	0
HG01069	1KG	H1.1.1	0	1	0	0	0	0	1	0	0	0	0	0
HG01075	1KG	H1.1.1	0	1	0	0	0	0	1	0	0	0	0	0
HG01075	1KG	H1.1.1	0	1	0	0	0	0	1	0	0	0	0	0
HG01079	1KG	H1.1.1	0	1	0	0	0	0	1	0	0	0	0	0
HG01079	1KG	H1.1.2	0	1	0	0	0	0	1	1	0	0	0	0
HG01080	1KG	H1.1.1	0	1	0	0	0	0	1	0	0	0	0	0
HG01080	1KG	H1.1.1	0	1	0	0	0	0	1	0	0	0	0	0
HG01095	1KG	H1.1.3	0	1	0	0	0	0	1	1	1	0	0	0
HG01095	1KG	H1.2.1	0	1	1	0	0	0	1	0	0	0	0	0
HG01124	1KG	H1.1.1	0	1	0	0	0	0	1	0	0	0	0	0
HG01124	1KG	H1.1.1	0	1	0	0	0	0	1	0	0	0	0	0
HG01136	1KG	H1.1.1	0	1	0	0	0	0	1	0	0	0	0	0
HG01136	1KG	H1.1.1	0	1	0	0	0	0	1	0	0	0	0	0
HG01137	1KG	H1.1.1	0	1	0	0	0	0	1	0	0	0	0	0
HG01137	1KG	H1.1.1	0	1	0	0	0	0	1	0	0	0	0	0
HG01148	1KG	H1.1.1	0	1	0	0	0	0	1	0	0	0	0	0
HG01148	1KG	H1.1.1	0	1	0	0	0	0	1	0	0	0	0	0
HG01167	1KG	H1.1.1	0	1	0	0	0	0	1	0	0	0	0	0
HG01167	1KG	H2.2.1	1	0	0	0	1	1	0	0	0	0	1	0
HG01187	1KG	H1.1.1	0	1	0	0	0	0	1	0	0	0	0	0
HG01187	1KG	H1.1.1	0	1	0	0	0	0	1	0	0	0	0	0
HG01190	1KG	H1.1.1	0	1	0	0	0	0	1	0	0	0	0	0
HG01190	1KG	H1.1.2	0	1	0	0	0	0	1	1	0	0	0	0
HG01191	1KG	H1.1.1	0	1	0	0	0	0	1	0	0	0	0	0
HG01191	1KG	H1.1.1	0	1	0	0	0	0	1	0	0	0	0	0
HG01204	1KG	H1.2.1	0	1	1	0	0	0	1	0	0	0	0	0
HG01204	1KG	H2.2.2	1	0	0	0	1	1	0	0	0	0	1	1
HG01250	1KG	H1.1.1	0	1	0	0	0	0	1	0	0	0	0	0
HG01250	1KG	H1.1.1	0	1	0	0	0	0	1	0	0	0	0	0
HG01251	1KG	H1.2.1	0	1	1	0	0	0	1	0	0	0	0	0
HG01251	1KG	H2.2.2	1	0	0	0	1	1	0	0	0	0	1	1
HG01342	1KG	H1.1.1	0	1	0	0	0	0	1	0	0	0	0	0
HG01342	1KG	H1.1.2	0	1	0	0	0	0	1	1	0	0	0	0
HG01351	1KG	H1.1.1	0	1	0	0	0	0	1	0	0	0	0	0
HG01351	1KG	H1.1.2	0	1	0	0	0	0	1	1	0	0	0	0
HG01353	1KG	H1.2.1	0	1	1	0	0	0	1	0	0	0	0	0
HG01353	1KG	H2.2.2	1	0	0	0	1	1	0	0	0	0	1	1
HG01354	1KG	H1.1.1	0	1	0	0	0	0	1	0	0	0	0	0
HG01354	1KG	H1.1.1	0	1	0	0	0	0	1	0	0	0	0	0
HG01356	1KG	H1.1.1	0	1	0	0	0	0	1	0	0	0	0	0
HG01356	1KG	H1.2.1	0	1	1	0	0	0	1	0	0	0	0	0
HG01357	1KG	H1.1.1	0	1	0	0	0	0	1	0	0	0	0	0
HG01357	1KG	H1.2.1	0	1	1	0	0	0	1	0	0	0	0	0
HG01359	1KG	H1.1.1	0	1	0	0	0	0	1	0	0	0	0	0
HG01359	1KG	H1.2.1	0	1	1	0	0	0	1	0	0	0	0	0
HG01366	1KG	H1.1.1	0	1	0	0	0	0	1	0	0	0	0	0
HG01366	1KG	H1.1.2	0	1	0	0	0	0	1	1	0	0	0	0
HG01389	1KG	H1.2.1	0	1	1	0	0	0	1	0	0	0	0	0
HG01389	1KG	H2.2.2	1	0	0	0	1	1	0	0	0	0	1	1
HG01437	1KG	H1.1.1	0	1	0	0	0	0	1	0	0	0	0	0
HG01437	1KG	H1.2.1	0	1	1	0	0	0	1	0	0	0	0	0
HG01441	1KG	H1.1.1	0	1	0	0	0	0	1	0	0	0	0	0
HG01441	1KG	H1.2.1	0	1	1	0	0	0	1	0	0	0	0	0
HG01461	1KG	H1.1.1	0	1	0	0	0	0	1	0	0	0	0	0
HG01461	1KG	H1.1.2	0	1	0	0	0	0	1	1	0	0	0	0
HG01462	1KG	H1.1.1	0	1	0	0	0	0	1	0	0	0	0	0
HG01462	1KG	H1.1.2	0	1	0	0	0	0	1	1	0	0	0	0
HG01465	1KG	H1.3.1	0	1	1	1	0	0	1	0	0	0	0	0
HG01465	1KG	H2.2.2	1	0	0	0	1	1	0	0	0	0	1	1
HG01489	1KG	H1.1.1	0	1	0	0	0	0	1	0	0	0	0	0
HG01489	1KG	H1.1.1	0	1	0	0	0	0	1	0	0	0	0	0
HG01494	1KG	H1.1.1	0	1	0	0	0	0	1	0	0	0	0	0
HG01494	1KG	H1.1.1	0	1	0	0	0	0	1	0	0	0	0	0
HG01518	1KG	H1.1.1	0	1	0	0	0	0	1	0	0	0	0	0
HG01518	1KG	H1.1.2	0	1	0	0	0	0	1	1	0	0	0	0
HG01522	1KG	H1.1.3	0	1	0	0	0	0	1	1	1	0	0	0
HG01522	1KG	H1.2.1	0	1	1	0	0	0	1	0	0	0	0	0
NA06984	TRIO	H1.2.1	0	1	1	0	0	0	1	0	0	0	0	0
NA06984	TRIO	H1.2.1	0	1	1	0	0	0	1	0	0	0	0	0
NA06985	TRIO	H1.1.4	0	1	0	0	0	0	1	1	1	1	0	0
NA06985	TRIO	H2.2.2	1	0	0	0	1	1	0	0	0	0	1	1
NA06989	TRIO	H1.1.2	0	1	0	0	0	0	1	1	0	0	0	0
NA06989	TRIO	H2.2.2	1	0	0	0	1	1	0	0	0	0	1	1
NA06993	TRIO	H1.1.3	0	1	0	0	0	0	1	1	1	0	0	0
NA06993	TRIO	H2.2.2	1	0	0	0	1	1	0	0	0	0	1	1
NA06994	TRIO	H1.1.3	0	1	0	0	0	0	1	1	1	0	0	0
NA06994	TRIO	H2.2.2	1	0	0	0	1	1	0	0	0	0	1	1
NA07000	TRIO	H1.1.1	0	1	0	0	0	0	1	0	0	0	0	0
NA07000	TRIO	H1.1.1	0	1	0	0	0	0	1	0	0	0	0	0
NA07034	TRIO	H1.1.2	0	1	0	0	0	0	1	1	0	0	0	0
NA07034	TRIO	H1.1.3	0	1	0	0	0	0	1	1	1	0	0	0
NA07037	TRIO	H1.2.1	0	1	1	0	0	0	1	0	0	0	0	0
NA07037	TRIO	H1.2.1	0	1	1	0	0	0	1	0	0	0	0	0
NA07048	1KG	H1.1.3	0	1	0	0	0	0	1	1	1	0	0	0
NA07048	1KG	H1.2.1	0	1	1	0	0	0	1	0	0	0	0	0
NA07055	TRIO	H1.1.1	0	1	0	0	0	0	1	0	0	0	0	0
NA07055	TRIO	H1.2.1	0	1	1	0	0	0	1	0	0	0	0	0
NA07345	TRIO	H1.1.3	0	1	0	0	0	0	1	1	1	0	0	0
NA07345	TRIO	H1.2.1	0	1	1	0	0	0	1	0	0	0	0	0
NA07346	TRIO	H1.1.2	0	1	0	0	0	0	1	1	0	0	0	0
NA07346	TRIO	H1.2.1	0	1	1	0	0	0	1	0	0	0	0	0
NA07347	TRIO	H1.2.1	0	1	1	0	0	0	1	0	0	0	0	0
NA07347	TRIO	H2.2.2	1	0	0	0	1	1	0	0	0	0	1	1
NA07357	TRIO	H1.1.1	0	1	0	0	0	0	1	0	0	0	0	0
NA07357	TRIO	H1.1.3	0	1	0	0	0	0	1	1	1	0	0	0
NA07435	TRIO	H1.1.1	0	1	0	0	0	0	1	0	0	0	0	0
NA07435	TRIO	H1.1.3	0	1	0	0	0	0	1	1	1	0	0	0
NA10847	1KG	H1.2.1	0	1	1	0	0	0	1	0	0	0	0	0
NA10847	1KG	H2.2.2	1	0	0	0	1	1	0	0	0	0	1	1
NA10851	1KG	H1.1.1	0	1	0	0	0	0	1	0	0	0	0	0
NA10851	1KG	H1.1.2	0	1	0	0	0	0	1	1	0	0	0	0
NA11829	TRIO	H1.1.1	0	1	0	0	0	0	1	0	0	0	0	0
NA11829	TRIO	H1.1.1	0	1	0	0	0	0	1	0	0	0	0	0
NA11830	TRIO	H1.1.2	0	1	0	0	0	0	1	1	0	0	0	0
NA11830	TRIO	H1.1.2	0	1	0	0	0	0	1	1	0	0	0	0
NA11843	1KG	H1.1.1	0	1	0	0	0	0	1	0	0	0	0	0
NA11843	1KG	H1.1.2	0	1	0	0	0	0	1	1	0	0	0	0
NA11881	TRIO	H1.2.1	0	1	1	0	0	0	1	0	0	0	0	0
NA11881	TRIO	H2.2.2	1	0	0	0	1	1	0	0	0	0	1	1
NA11882	TRIO	H1.1.3	0	1	0	0	0	0	1	1	1	0	0	0
NA11882	TRIO	H2.2.2	1	0	0	0	1	1	0	0	0	0	1	1
NA11891	TRIO	H1.1.3	0	1	0	0	0	0	1	1	1	0	0	0
NA11891	TRIO	H1.2.1	0	1	1	0	0	0	1	0	0	0	0	0
NA11892	TRIO	H1.1.1	0	1	0	0	0	0	1	0	0	0	0	0
NA11892	TRIO	H1.3.1	0	1	1	1	0	0	1	0	0	0	0	0
NA11893	TRIO	H1.1.2	0	1	0	0	0	0	1	1	0	0	0	0
NA11893	TRIO	H1.2.1	0	1	1	0	0	0	1	0	0	0	0	0
NA11894	TRIO	H1.2.1	0	1	1	0	0	0	1	0	0	0	0	0
NA11894	TRIO	H1.2.1	0	1	1	0	0	0	1	0	0	0	0	0
NA11917	TRIO	H1.2.1	0	1	1	0	0	0	1	0	0	0	0	0
NA11917	TRIO	H2.2.2	1	0	0	0	1	1	0	0	0	0	1	1
NA11918	TRIO	H1.1.1	0	1	0	0	0	0	1	0	0	0	0	0
NA11918	TRIO	H1.2.1	0	1	1	0	0	0	1	0	0	0	0	0
NA11919	TRIO	H1.1.3	0	1	0	0	0	0	1	1	1	0	0	0
NA11919	TRIO	H1.2.1	0	1	1	0	0	0	1	0	0	0	0	0
NA11920	TRIO	H1.1.3	0	1	0	0	0	0	1	1	1	0	0	0
NA11920	TRIO	H2.2.2	1	0	0	0	1	1	0	0	0	0	1	1
NA11930	TRIO	H1.1.1	0	1	0	0	0	0	1	0	0	0	0	0
NA11930	TRIO	H1.1.1	0	1	0	0	0	0	1	0	0	0	0	0
NA11931	TRIO	H1.1.3	0	1	0	0	0	0	1	1	1	0	0	0
NA11931	TRIO	H2.2.2	1	0	0	0	1	1	0	0	0	0	1	1
NA11992	TRIO	H1.1.1	0	1	0	0	0	0	1	0	0	0	0	0
NA11992	TRIO	H2.2.2	1	0	0	0	1	1	0	0	0	0	1	1
NA11993	TRIO	H1.2.1	0	1	1	0	0	0	1	0	0	0	0	0
NA11993	TRIO	H1.2.1	0	1	1	0	0	0	1	0	0	0	0	0
NA11994	TRIO	H1.1.2	0	1	0	0	0	0	1	1	0	0	0	0
NA11994	TRIO	H1.2.1	0	1	1	0	0	0	1	0	0	0	0	0
NA11995	TRIO	H1.1.3	0	1	0	0	0	0	1	1	1	0	0	0
NA11995	TRIO	H2.2.2	1	0	0	0	1	1	0	0	0	0	1	1
NA12003	TRIO	H1.1.1	0	1	0	0	0	0	1	0	0	0	0	0
NA12003	TRIO	H1.1.2	0	1	0	0	0	0	1	1	0	0	0	0
NA12004	TRIO	H1.1.1	0	1	0	0	0	0	1	0	0	0	0	0
NA12004	TRIO	H1.1.3	0	1	0	0	0	0	1	1	1	0	0	0
NA12005	TRIO	H1.2.1	0	1	1	0	0	0	1	0	0	0	0	0
NA12005	TRIO	H2.2.2	1	0	0	0	1	1	0	0	0	0	1	1
NA12006	TRIO	H1.1.4	0	1	0	0	0	0	1	1	1	1	0	0
NA12006	TRIO	H2.2.2	1	0	0	0	1	1	0	0	0	0	1	1
NA12043	TRIO	H1.1.3	0	1	0	0	0	0	1	1	1	0	0	0
NA12043	TRIO	H1.2.1	0	1	1	0	0	0	1	0	0	0	0	0
NA12044	TRIO	H1.1.3	0	1	0	0	0	0	1	1	1	0	0	0
NA12044	TRIO	H1.2.1	0	1	1	0	0	0	1	0	0	0	0	0
NA12045	TRIO	H1.1.1	0	1	0	0	0	0	1	0	0	0	0	0
NA12045	TRIO	H2.2.2	1	0	0	0	1	1	0	0	0	0	1	1
NA12046	TRIO	H1.1.1	0	1	0	0	0	0	1	0	0	0	0	0
NA12046	TRIO	H1.1.3	0	1	0	0	0	0	1	1	1	0	0	0
NA12056	TRIO	H1.1.2	0	1	0	0	0	0	1	1	0	0	0	0
NA12056	TRIO	H1.1.3	0	1	0	0	0	0	1	1	1	0	0	0
NA12057	TRIO	H1.1.1	0	1	0	0	0	0	1	0	0	0	0	0
NA12057	TRIO	H1.2.1	0	1	1	0	0	0	1	0	0	0	0	0
NA12144	TRIO	H1.2.1	0	1	1	0	0	0	1	0	0	0	0	0
NA12144	TRIO	H2.2.2	1	0	0	0	1	1	0	0	0	0	1	1
NA12145	TRIO	H1.1.1	0	1	0	0	0	0	1	0	0	0	0	0
NA12145	TRIO	H1.1.3	0	1	0	0	0	0	1	1	1	0	0	0
NA12146	TRIO	H1.2.1	0	1	1	0	0	0	1	0	0	0	0	0
NA12146	TRIO	H2.2.2	1	0	0	0	1	1	0	0	0	0	1	1
NA12154	1KG	H1.1.1	0	1	0	0	0	0	1	0	0	0	0	0
NA12154	1KG	H1.1.1	0	1	0	0	0	0	1	0	0	0	0	0
NA12234	TRIO	H1.2.1	0	1	1	0	0	0	1	0	0	0	0	0
NA12234	TRIO	H2.2.2	1	0	0	0	1	1	0	0	0	0	1	1
NA12239	TRIO	H1.1.1	0	1	0	0	0	0	1	0	0	0	0	0
NA12239	TRIO	H1.2.1	0	1	1	0	0	0	1	0	0	0	0	0
NA12248	TRIO	H1.1.1	0	1	0	0	0	0	1	0	0	0	0	0
NA12248	TRIO	H1.2.1	0	1	1	0	0	0	1	0	0	0	0	0
NA12249	TRIO	H1.1.1	0	1	0	0	0	0	1	0	0	0	0	0
NA12249	TRIO	H1.1.3	0	1	0	0	0	0	1	1	1	0	0	0
NA12264	TRIO	H1.1.2	0	1	0	0	0	0	1	1	0	0	0	0
NA12264	TRIO	H1.2.1	0	1	1	0	0	0	1	0	0	0	0	0
NA12272	TRIO	H1.1.1	0	1	0	0	0	0	1	0	0	0	0	0
NA12272	TRIO	H1.2.1	0	1	1	0	0	0	1	0	0	0	0	0
NA12273	TRIO	H1.1.2	0	1	0	0	0	0	1	1	0	0	0	0
NA12273	TRIO	H2.2.2	1	0	0	0	1	1	0	0	0	0	1	1
NA12275	1KG	H1.1.1	0	1	0	0	0	0	1	0	0	0	0	0
NA12275	1KG	H1.2.1	0	1	1	0	0	0	1	0	0	0	0	0
NA12283	1KG	H1.1.2	0	1	0	0	0	0	1	1	0	0	0	0
NA12283	1KG	H1.2.1	0	1	1	0	0	0	1	0	0	0	0	0
NA12286	TRIO	H1.1.1	0	1	0	0	0	0	1	0	0	0	0	0
NA12286	TRIO	H2.2.2	1	0	0	0	1	1	0	0	0	0	1	1
NA12287	TRIO	H1.2.1	0	1	1	0	0	0	1	0	0	0	0	0
NA12287	TRIO	H2.2.2	1	0	0	0	1	1	0	0	0	0	1	1
NA12342	TRIO	H1.1.1	0	1	0	0	0	0	1	0	0	0	0	0
NA12342	TRIO	H1.2.1	0	1	1	0	0	0	1	0	0	0	0	0
NA12343	TRIO	H1.1.1	0	1	0	0	0	0	1	0	0	0	0	0
NA12343	TRIO	H1.1.2	0	1	0	0	0	0	1	1	0	0	0	0
NA12347	TRIO	H1.2.1	0	1	1	0	0	0	1	0	0	0	0	0
NA12347	TRIO	H2.2.1	1	0	0	0	1	1	0	0	0	0	1	0
NA12348	TRIO	H1.1.1	0	1	0	0	0	0	1	0	0	0	0	0
NA12348	TRIO	H2.2.2	1	0	0	0	1	1	0	0	0	0	1	1
NA12399	TRIO	H1.2.1	0	1	1	0	0	0	1	0	0	0	0	0
NA12399	TRIO	H1.2.1	0	1	1	0	0	0	1	0	0	0	0	0
NA12400	TRIO	H1.1.1	0	1	0	0	0	0	1	0	0	0	0	0
NA12400	TRIO	H1.1.1	0	1	0	0	0	0	1	0	0	0	0	0
NA12413	TRIO	H1.1.1	0	1	0	0	0	0	1	0	0	0	0	0
NA12413	TRIO	H1.1.1	0	1	0	0	0	0	1	0	0	0	0	0
NA12414	TRIO	H1.1.1	0	1	0	0	0	0	1	0	0	0	0	0
NA12414	TRIO	H1.1.1	0	1	0	0	0	0	1	0	0	0	0	0
NA12489	TRIO	H1.1.1	0	1	0	0	0	0	1	0	0	0	0	0
NA12489	TRIO	H2.1.2	1	0	0	0	1	0	0	0	0	0	1	1
NA12546	TRIO	H1.1.1	0	1	0	0	0	0	1	0	0	0	0	0
NA12546	TRIO	H1.1.3	0	1	0	0	0	0	1	1	1	0	0	0
NA12716	TRIO	H1.1.1	0	1	0	0	0	0	1	0	0	0	0	0
NA12716	TRIO	H1.1.3	0	1	0	0	0	0	1	1	1	0	0	0
NA12717	TRIO	H1.2.1	0	1	1	0	0	0	1	0	0	0	0	0
NA12717	TRIO	H1.3.1	0	1	1	1	0	0	1	0	0	0	0	0
NA12748	TRIO	H1.1.3	0	1	0	0	0	0	1	1	1	0	0	0
NA12748	TRIO	H2.2.2	1	0	0	0	1	1	0	0	0	0	1	1
NA12749	TRIO	H1.1.3	0	1	0	0	0	0	1	1	1	0	0	0
NA12749	TRIO	H1.2.1	0	1	1	0	0	0	1	0	0	0	0	0
NA12750	TRIO	H1.1.1	0	1	0	0	0	0	1	0	0	0	0	0
NA12750	TRIO	H1.1.2	0	1	0	0	0	0	1	1	0	0	0	0
NA12751	TRIO	H1.2.1	0	1	1	0	0	0	1	0	0	0	0	0
NA12751	TRIO	H1.2.1	0	1	1	0	0	0	1	0	0	0	0	0
NA12760	TRIO	H1.1.1	0	1	0	0	0	0	1	0	0	0	0	0
NA12760	TRIO	H1.1.1	0	1	0	0	0	0	1	0	0	0	0	0
NA12761	TRIO	H1.2.1	0	1	1	0	0	0	1	0	0	0	0	0
NA12761	TRIO	H2.2.2	1	0	0	0	1	1	0	0	0	0	1	1
NA12762	TRIO	H1.1.2	0	1	0	0	0	0	1	1	0	0	0	0
NA12762	TRIO	H1.2.1	0	1	1	0	0	0	1	0	0	0	0	0
NA12763	TRIO	H1.1.3	0	1	0	0	0	0	1	1	1	0	0	0
NA12763	TRIO	H2.2.2	1	0	0	0	1	1	0	0	0	0	1	1
NA12775	TRIO	H1.1.2	0	1	0	0	0	0	1	1	0	0	0	0
NA12775	TRIO	H1.1.3	0	1	0	0	0	0	1	1	1	0	0	0
NA12776	TRIO	H1.1.3	0	1	0	0	0	0	1	1	1	0	0	0
NA12776	TRIO	H1.2.1	0	1	1	0	0	0	1	0	0	0	0	0
NA12777	TRIO	H1.2.1	0	1	1	0	0	0	1	0	0	0	0	0
NA12777	TRIO	H1.2.1	0	1	1	0	0	0	1	0	0	0	0	0
NA12778	TRIO	H1.1.3	0	1	0	0	0	0	1	1	1	0	0	0
NA12778	TRIO	H1.2.1	0	1	1	0	0	0	1	0	0	0	0	0
NA12812	TRIO	H1.1.1	0	1	0	0	0	0	1	0	0	0	0	0
NA12812	TRIO	H1.3.1	0	1	1	1	0	0	1	0	0	0	0	0
NA12813	TRIO	H1.1.1	0	1	0	0	0	0	1	0	0	0	0	0
NA12813	TRIO	H2.2.2	1	0	0	0	1	1	0	0	0	0	1	1
NA12827	TRIO	H1.1.1	0	1	0	0	0	0	1	0	0	0	0	0
NA12827	TRIO	H1.1.1	0	1	0	0	0	0	1	0	0	0	0	0
NA12828	TRIO	H1.1.1	0	1	0	0	0	0	1	0	0	0	0	0
NA12828	TRIO	H2.2.2	1	0	0	0	1	1	0	0	0	0	1	1
NA12829	TRIO	H1.1.1	0	1	0	0	0	0	1	0	0	0	0	0
NA12829	TRIO	H1.1.2	0	1	0	0	0	0	1	1	0	0	0	0
NA12830	TRIO	H1.1.1	0	1	0	0	0	0	1	0	0	0	0	0
NA12830	TRIO	H1.1.3	0	1	0	0	0	0	1	1	1	0	0	0
NA12842	TRIO	H1.1.1	0	1	0	0	0	0	1	0	0	0	0	0
NA12842	TRIO	H1.1.2	0	1	0	0	0	0	1	1	0	0	0	0
NA12843	TRIO	H1.1.3	0	1	0	0	0	0	1	1	1	0	0	0
NA12843	TRIO	H2.2.2	1	0	0	0	1	1	0	0	0	0	1	1
NA12872	TRIO	H1.1.1	0	1	0	0	0	0	1	0	0	0	0	0
NA12872	TRIO	H2.2.2	1	0	0	0	1	1	0	0	0	0	1	1
NA12873	TRIO	H1.1.1	0	1	0	0	0	0	1	0	0	0	0	0
NA12873	TRIO	H1.2.1	0	1	1	0	0	0	1	0	0	0	0	0
NA12874	TRIO	H1.2.1	0	1	1	0	0	0	1	0	0	0	0	0
NA12874	TRIO	H2.2.1	1	0	0	0	1	1	0	0	0	0	1	0
NA12875	TRIO	H1.1.1	0	1	0	0	0	0	1	0	0	0	0	0
NA12875	TRIO	H1.1.1	0	1	0	0	0	0	1	0	0	0	0	0
NA12889	TRIO	H1.1.1	0	1	0	0	0	0	1	0	0	0	0	0
NA12889	TRIO	H2.2.2	1	0	0	0	1	1	0	0	0	0	1	1
NA12890	TRIO	H1.2.1	0	1	1	0	0	0	1	0	0	0	0	0
NA12890	TRIO	H2.1.2	1	0	0	0	1	0	0	0	0	0	1	1
NA12891	TRIO	H1.2.1	0	1	1	0	0	0	1	0	0	0	0	0
NA12891	TRIO	H1.2.1	0	1	1	0	0	0	1	0	0	0	0	0
NA12892	TRIO	H1.1.3	0	1	0	0	0	0	1	1	1	0	0	0
NA12892	TRIO	H1.2.1	0	1	1	0	0	0	1	0	0	0	0	0
NA18486	1KG	H1.1.1	0	1	0	0	0	0	1	0	0	0	0	0
NA18486	1KG	H1.1.2	0	1	0	0	0	0	1	1	0	0	0	0
NA18498	1KG	H1.1.1	0	1	0	0	0	0	1	0	0	0	0	0
NA18498	1KG	H1.1.2	0	1	0	0	0	0	1	1	0	0	0	0
NA18499	1KG	H1.1.1	0	1	0	0	0	0	1	0	0	0	0	0
NA18499	1KG	H1.1.2	0	1	0	0	0	0	1	1	0	0	0	0
NA18501	1KG	H1.1.1	0	1	0	0	0	0	1	0	0	0	0	0
NA18501	1KG	H1.1.2	0	1	0	0	0	0	1	1	0	0	0	0
NA18502	1KG	H1.1.1	0	1	0	0	0	0	1	0	0	0	0	0
NA18502	1KG	H1.1.2	0	1	0	0	0	0	1	1	0	0	0	0
NA18504	1KG	H1.1.1	0	1	0	0	0	0	1	0	0	0	0	0
NA18504	1KG	H1.1.1	0	1	0	0	0	0	1	0	0	0	0	0
NA18505	1KG	H1.1.1	0	1	0	0	0	0	1	0	0	0	0	0
NA18505	1KG	H1.1.1	0	1	0	0	0	0	1	0	0	0	0	0
NA18507	1KG	H1.1.1	0	1	0	0	0	0	1	0	0	0	0	0
NA18507	1KG	H1.1.1	0	1	0	0	0	0	1	0	0	0	0	0
NA18508	1KG	H1.1.1	0	1	0	0	0	0	1	0	0	0	0	0
NA18508	1KG	H1.1.1	0	1	0	0	0	0	1	0	0	0	0	0
NA18511	1KG	H1.1.1	0	1	0	0	0	0	1	0	0	0	0	0
NA18511	1KG	H1.1.2	0	1	0	0	0	0	1	1	0	0	0	0
NA18516	1KG	H1.1.1	0	1	0	0	0	0	1	0	0	0	0	0
NA18516	1KG	H1.1.2	0	1	0	0	0	0	1	1	0	0	0	0
NA18517	1KG	H1.1.1	0	1	0	0	0	0	1	0	0	0	0	0
NA18517	1KG	H1.1.1	0	1	0	0	0	0	1	0	0	0	0	0
NA18520	1KG	H1.1.1	0	1	0	0	0	0	1	0	0	0	0	0
NA18520	1KG	H1.1.1	0	1	0	0	0	0	1	0	0	0	0	0
NA18526	1KG	H1.1.1	0	1	0	0	0	0	1	0	0	0	0	0
NA18526	1KG	H1.1.2	0	1	0	0	0	0	1	1	0	0	0	0
NA18530	1KG	H1.1.1	0	1	0	0	0	0	1	0	0	0	0	0
NA18530	1KG	H1.1.1	0	1	0	0	0	0	1	0	0	0	0	0
NA18532	1KG	H1.1.1	0	1	0	0	0	0	1	0	0	0	0	0
NA18532	1KG	H1.1.2	0	1	0	0	0	0	1	1	0	0	0	0
NA18534	1KG	H1.1.1	0	1	0	0	0	0	1	0	0	0	0	0
NA18534	1KG	H1.1.1	0	1	0	0	0	0	1	0	0	0	0	0
NA18535	1KG	H1.1.1	0	1	0	0	0	0	1	0	0	0	0	0
NA18535	1KG	H1.1.2	0	1	0	0	0	0	1	1	0	0	0	0
NA18536	1KG	H1.1.1	0	1	0	0	0	0	1	0	0	0	0	0
NA18536	1KG	H1.1.1	0	1	0	0	0	0	1	0	0	0	0	0
NA18546	1KG	H1.1.1	0	1	0	0	0	0	1	0	0	0	0	0
NA18546	1KG	H1.1.1	0	1	0	0	0	0	1	0	0	0	0	0
NA18547	1KG	H1.1.1	0	1	0	0	0	0	1	0	0	0	0	0
NA18547	1KG	H1.1.2	0	1	0	0	0	0	1	1	0	0	0	0
NA18548	1KG	H1.1.1	0	1	0	0	0	0	1	0	0	0	0	0
NA18548	1KG	H1.1.2	0	1	0	0	0	0	1	1	0	0	0	0
NA18550	1KG	H1.1.1	0	1	0	0	0	0	1	0	0	0	0	0
NA18550	1KG	H1.1.1	0	1	0	0	0	0	1	0	0	0	0	0
NA18558	1KG	H1.1.1	0	1	0	0	0	0	1	0	0	0	0	0
NA18558	1KG	H1.1.2	0	1	0	0	0	0	1	1	0	0	0	0
NA18561	1KG	H1.1.1	0	1	0	0	0	0	1	0	0	0	0	0
NA18561	1KG	H1.1.1	0	1	0	0	0	0	1	0	0	0	0	0
NA18565	1KG	H1.1.1	0	1	0	0	0	0	1	0	0	0	0	0
NA18565	1KG	H1.1.1	0	1	0	0	0	0	1	0	0	0	0	0
NA18567	1KG	H1.1.1	0	1	0	0	0	0	1	0	0	0	0	0
NA18567	1KG	H1.1.1	0	1	0	0	0	0	1	0	0	0	0	0
NA18573	1KG	H1.1.1	0	1	0	0	0	0	1	0	0	0	0	0
NA18573	1KG	H1.1.2	0	1	0	0	0	0	1	1	0	0	0	0
NA18576	1KG	H1.1.1	0	1	0	0	0	0	1	0	0	0	0	0
NA18576	1KG	H1.1.1	0	1	0	0	0	0	1	0	0	0	0	0
NA18582	1KG	H1.1.1	0	1	0	0	0	0	1	0	0	0	0	0
NA18582	1KG	H1.1.2	0	1	0	0	0	0	1	1	0	0	0	0
NA18602	1KG	H1.1.1	0	1	0	0	0	0	1	0	0	0	0	0
NA18602	1KG	H1.1.2	0	1	0	0	0	0	1	1	0	0	0	0
NA18606	1KG	H1.1.1	0	1	0	0	0	0	1	0	0	0	0	0
NA18606	1KG	H1.1.1	0	1	0	0	0	0	1	0	0	0	0	0
NA18610	1KG	H1.1.1	0	1	0	0	0	0	1	0	0	0	0	0
NA18610	1KG	H1.1.2	0	1	0	0	0	0	1	1	0	0	0	0
NA18611	1KG	H1.1.1	0	1	0	0	0	0	1	0	0	0	0	0
NA18611	1KG	H1.1.2	0	1	0	0	0	0	1	1	0	0	0	0
NA18612	1KG	H1.1.1	0	1	0	0	0	0	1	0	0	0	0	0
NA18612	1KG	H1.1.1	0	1	0	0	0	0	1	0	0	0	0	0
NA18613	1KG	H1.1.1	0	1	0	0	0	0	1	0	0	0	0	0
NA18613	1KG	H1.1.2	0	1	0	0	0	0	1	1	0	0	0	0
NA18614	1KG	H1.1.1	0	1	0	0	0	0	1	0	0	0	0	0
NA18614	1KG	H1.1.2	0	1	0	0	0	0	1	1	0	0	0	0
NA18621	1KG	H1.1.1	0	1	0	0	0	0	1	0	0	0	0	0
NA18621	1KG	H1.1.2	0	1	0	0	0	0	1	1	0	0	0	0
NA18622	1KG	H1.1.1	0	1	0	0	0	0	1	0	0	0	0	0
NA18622	1KG	H1.1.1	0	1	0	0	0	0	1	0	0	0	0	0
NA18623	1KG	H1.1.3	0	1	0	0	0	0	1	1	1	0	0	0
NA18623	1KG	H1.1.4	0	1	0	0	0	0	1	1	1	1	0	0
NA18631	1KG	H1.1.1	0	1	0	0	0	0	1	0	0	0	0	0
NA18631	1KG	H1.1.2	0	1	0	0	0	0	1	1	0	0	0	0
NA18633	1KG	H1.1.1	0	1	0	0	0	0	1	0	0	0	0	0
NA18633	1KG	H1.1.1	0	1	0	0	0	0	1	0	0	0	0	0
NA18635	1KG	H1.1.1	0	1	0	0	0	0	1	0	0	0	0	0
NA18635	1KG	H1.1.2	0	1	0	0	0	0	1	1	0	0	0	0
NA18637	1KG	H1.1.1	0	1	0	0	0	0	1	0	0	0	0	0
NA18637	1KG	H1.1.1	0	1	0	0	0	0	1	0	0	0	0	0
NA18638	1KG	H1.1.3	0	1	0	0	0	0	1	1	1	0	0	0
NA18638	1KG	H1.1.4	0	1	0	0	0	0	1	1	1	1	0	0
NA18856	1KG	H1.1.1	0	1	0	0	0	0	1	0	0	0	0	0
NA18856	1KG	H1.1.2	0	1	0	0	0	0	1	1	0	0	0	0
NA18858	1KG	H1.1.1	0	1	0	0	0	0	1	0	0	0	0	0
NA18858	1KG	H1.1.1	0	1	0	0	0	0	1	0	0	0	0	0
NA18861	1KG	H1.1.1	0	1	0	0	0	0	1	0	0	0	0	0
NA18861	1KG	H1.1.2	0	1	0	0	0	0	1	1	0	0	0	0
NA18870	1KG	H1.1.1	0	1	0	0	0	0	1	0	0	0	0	0
NA18870	1KG	H1.1.2	0	1	0	0	0	0	1	1	0	0	0	0
NA18871	1KG	H1.1.1	0	1	0	0	0	0	1	0	0	0	0	0
NA18871	1KG	H1.1.2	0	1	0	0	0	0	1	1	0	0	0	0
NA18874	1KG	H1.1.1	0	1	0	0	0	0	1	0	0	0	0	0
NA18874	1KG	H1.1.2	0	1	0	0	0	0	1	1	0	0	0	0
NA18907	1KG	H1.1.1	0	1	0	0	0	0	1	0	0	0	0	0
NA18907	1KG	H1.1.2	0	1	0	0	0	0	1	1	0	0	0	0
NA18912	1KG	H1.1.1	0	1	0	0	0	0	1	0	0	0	0	0
NA18912	1KG	H1.1.2	0	1	0	0	0	0	1	1	0	0	0	0
NA18916	1KG	H1.1.1	0	1	0	0	0	0	1	0	0	0	0	0
NA18916	1KG	H1.1.1	0	1	0	0	0	0	1	0	0	0	0	0
NA18917	1KG	H1.1.1	0	1	0	0	0	0	1	0	0	0	0	0
NA18917	1KG	H1.1.2	0	1	0	0	0	0	1	1	0	0	0	0
NA18923	1KG	H1.1.1	0	1	0	0	0	0	1	0	0	0	0	0
NA18923	1KG	H1.1.1	0	1	0	0	0	0	1	0	0	0	0	0
NA18933	1KG	H1.1.1	0	1	0	0	0	0	1	0	0	0	0	0
NA18933	1KG	H1.1.1	0	1	0	0	0	0	1	0	0	0	0	0
NA18940	1KG	H1.1.1	0	1	0	0	0	0	1	0	0	0	0	0
NA18940	1KG	H1.1.1	0	1	0	0	0	0	1	0	0	0	0	0
NA18943	1KG	H1.1.1	0	1	0	0	0	0	1	0	0	0	0	0
NA18943	1KG	H1.1.2	0	1	0	0	0	0	1	1	0	0	0	0
NA18947	1KG	H1.1.1	0	1	0	0	0	0	1	0	0	0	0	0
NA18947	1KG	H1.1.1	0	1	0	0	0	0	1	0	0	0	0	0
NA18950	1KG	H1.1.1	0	1	0	0	0	0	1	0	0	0	0	0
NA18950	1KG	H1.1.1	0	1	0	0	0	0	1	0	0	0	0	0
NA18951	1KG	H1.1.1	0	1	0	0	0	0	1	0	0	0	0	0
NA18951	1KG	H1.1.2	0	1	0	0	0	0	1	1	0	0	0	0
NA18953	1KG	H1.1.3	0	1	0	0	0	0	1	1	1	0	0	0
NA18953	1KG	H1.1.4	0	1	0	0	0	0	1	1	1	1	0	0
NA18960	1KG	H1.1.1	0	1	0	0	0	0	1	0	0	0	0	0
NA18960	1KG	H1.1.2	0	1	0	0	0	0	1	1	0	0	0	0
NA18964	1KG	H1.1.1	0	1	0	0	0	0	1	0	0	0	0	0
NA18964	1KG	H1.1.1	0	1	0	0	0	0	1	0	0	0	0	0
NA18968	1KG	H1.1.3	0	1	0	0	0	0	1	1	1	0	0	0
NA18968	1KG	H1.1.4	0	1	0	0	0	0	1	1	1	1	0	0
NA18983	1KG	H1.1.1	0	1	0	0	0	0	1	0	0	0	0	0
NA18983	1KG	H1.1.1	0	1	0	0	0	0	1	0	0	0	0	0
NA18986	1KG	H1.1.1	0	1	0	0	0	0	1	0	0	0	0	0
NA18986	1KG	H1.1.1	0	1	0	0	0	0	1	0	0	0	0	0
NA19000	1KG	H1.1.1	0	1	0	0	0	0	1	0	0	0	0	0
NA19000	1KG	H1.1.1	0	1	0	0	0	0	1	0	0	0	0	0
NA19003	1KG	H1.1.1	0	1	0	0	0	0	1	0	0	0	0	0
NA19003	1KG	H1.1.1	0	1	0	0	0	0	1	0	0	0	0	0
NA19004	1KG	H1.1.1	0	1	0	0	0	0	1	0	0	0	0	0
NA19004	1KG	H1.1.1	0	1	0	0	0	0	1	0	0	0	0	0
NA19005	1KG	H1.1.1	0	1	0	0	0	0	1	0	0	0	0	0
NA19005	1KG	H1.1.2	0	1	0	0	0	0	1	1	0	0	0	0
NA19007	1KG	H1.1.1	0	1	0	0	0	0	1	0	0	0	0	0
NA19007	1KG	H1.1.2	0	1	0	0	0	0	1	1	0	0	0	0
NA19009	1KG	H1.1.1	0	1	0	0	0	0	1	0	0	0	0	0
NA19009	1KG	H1.1.1	0	1	0	0	0	0	1	0	0	0	0	0
NA19012	1KG	H1.1.1	0	1	0	0	0	0	1	0	0	0	0	0
NA19012	1KG	H1.1.1	0	1	0	0	0	0	1	0	0	0	0	0
NA19059	1KG	H1.1.1	0	1	0	0	0	0	1	0	0	0	0	0
NA19059	1KG	H1.1.2	0	1	0	0	0	0	1	1	0	0	0	0
NA19060	1KG	H1.1.1	0	1	0	0	0	0	1	0	0	0	0	0
NA19060	1KG	H1.1.1	0	1	0	0	0	0	1	0	0	0	0	0
NA19062	1KG	H1.1.1	0	1	0	0	0	0	1	0	0	0	0	0
NA19062	1KG	H1.1.1	0	1	0	0	0	0	1	0	0	0	0	0
NA19067	1KG	H1.1.1	0	1	0	0	0	0	1	0	0	0	0	0
NA19067	1KG	H1.1.2	0	1	0	0	0	0	1	1	0	0	0	0
NA19068	1KG	H1.1.1	0	1	0	0	0	0	1	0	0	0	0	0
NA19068	1KG	H1.1.1	0	1	0	0	0	0	1	0	0	0	0	0
NA19075	1KG	H1.1.1	0	1	0	0	0	0	1	0	0	0	0	0
NA19075	1KG	H1.1.2	0	1	0	0	0	0	1	1	0	0	0	0
NA19077	1KG	H1.1.1	0	1	0	0	0	0	1	0	0	0	0	0
NA19077	1KG	H1.1.2	0	1	0	0	0	0	1	1	0	0	0	0
NA19079	1KG	H1.1.1	0	1	0	0	0	0	1	0	0	0	0	0
NA19079	1KG	H1.1.1	0	1	0	0	0	0	1	0	0	0	0	0
NA19084	1KG	H1.1.1	0	1	0	0	0	0	1	0	0	0	0	0
NA19084	1KG	H1.1.2	0	1	0	0	0	0	1	1	0	0	0	0
NA19093	1KG	H1.1.1	0	1	0	0	0	0	1	0	0	0	0	0
NA19093	1KG	H1.1.2	0	1	0	0	0	0	1	1	0	0	0	0
NA19098	1KG	H1.1.1	0	1	0	0	0	0	1	0	0	0	0	0
NA19098	1KG	H1.1.2	0	1	0	0	0	0	1	1	0	0	0	0
NA19107	1KG	H1.1.1	0	1	0	0	0	0	1	0	0	0	0	0
NA19107	1KG	H1.1.1	0	1	0	0	0	0	1	0	0	0	0	0
NA19114	1KG	H1.1.1	0	1	0	0	0	0	1	0	0	0	0	0
NA19114	1KG	H1.1.1	0	1	0	0	0	0	1	0	0	0	0	0
NA19116	1KG	H1.1.1	0	1	0	0	0	0	1	0	0	0	0	0
NA19116	1KG	H1.1.2	0	1	0	0	0	0	1	1	0	0	0	0
NA19130	1KG	H1.1.1	0	1	0	0	0	0	1	0	0	0	0	0
NA19130	1KG	H1.1.2	0	1	0	0	0	0	1	1	0	0	0	0
NA19131	1KG	H1.1.1	0	1	0	0	0	0	1	0	0	0	0	0
NA19131	1KG	H1.1.2	0	1	0	0	0	0	1	1	0	0	0	0
NA19137	1KG	H1.1.1	0	1	0	0	0	0	1	0	0	0	0	0
NA19137	1KG	H1.1.1	0	1	0	0	0	0	1	0	0	0	0	0
NA19138	1KG	H1.1.1	0	1	0	0	0	0	1	0	0	0	0	0
NA19138	1KG	H1.1.2	0	1	0	0	0	0	1	1	0	0	0	0
NA19147	1KG	H1.1.1	0	1	0	0	0	0	1	0	0	0	0	0
NA19147	1KG	H1.1.2	0	1	0	0	0	0	1	1	0	0	0	0
NA19171	1KG	H1.1.1	0	1	0	0	0	0	1	0	0	0	0	0
NA19171	1KG	H1.1.2	0	1	0	0	0	0	1	1	0	0	0	0
NA19189	1KG	H1.1.1	0	1	0	0	0	0	1	0	0	0	0	0
NA19189	1KG	H1.1.2	0	1	0	0	0	0	1	1	0	0	0	0
NA19197	1KG	H1.1.1	0	1	0	0	0	0	1	0	0	0	0	0
NA19197	1KG	H1.1.1	0	1	0	0	0	0	1	0	0	0	0	0
NA19198	1KG	H1.1.1	0	1	0	0	0	0	1	0	0	0	0	0
NA19198	1KG	H1.1.1	0	1	0	0	0	0	1	0	0	0	0	0
NA19200	1KG	H1.1.1	0	1	0	0	0	0	1	0	0	0	0	0
NA19200	1KG	H1.1.2	0	1	0	0	0	0	1	1	0	0	0	0
NA19204	1KG	H1.1.1	0	1	0	0	0	0	1	0	0	0	0	0
NA19204	1KG	H1.1.2	0	1	0	0	0	0	1	1	0	0	0	0
NA19209	1KG	H1.1.1	0	1	0	0	0	0	1	0	0	0	0	0
NA19209	1KG	H1.1.2	0	1	0	0	0	0	1	1	0	0	0	0
NA19235	1KG	H1.1.1	0	1	0	0	0	0	1	0	0	0	0	0
NA19235	1KG	H1.1.2	0	1	0	0	0	0	1	1	0	0	0	0
NA19236	1KG	H1.1.1	0	1	0	0	0	0	1	0	0	0	0	0
NA19236	1KG	H1.1.1	0	1	0	0	0	0	1	0	0	0	0	0
NA19247	1KG	H1.1.1	0	1	0	0	0	0	1	0	0	0	0	0
NA19247	1KG	H1.1.1	0	1	0	0	0	0	1	0	0	0	0	0
NA19248	1KG	H1.1.1	0	1	0	0	0	0	1	0	0	0	0	0
NA19248	1KG	H1.1.2	0	1	0	0	0	0	1	1	0	0	0	0
NA19256	1KG	H1.1.1	0	1	0	0	0	0	1	0	0	0	0	0
NA19256	1KG	H1.1.2	0	1	0	0	0	0	1	1	0	0	0	0
NA19311	1KG	H1.1.1	0	1	0	0	0	0	1	0	0	0	0	0
NA19311	1KG	H1.1.2	0	1	0	0	0	0	1	1	0	0	0	0
NA19312	1KG	H1.1.1	0	1	0	0	0	0	1	0	0	0	0	0
NA19312	1KG	H1.1.2	0	1	0	0	0	0	1	1	0	0	0	0
NA19315	1KG	H1.1.1	0	1	0	0	0	0	1	0	0	0	0	0
NA19315	1KG	H1.1.1	0	1	0	0	0	0	1	0	0	0	0	0
NA19321	1KG	H1.1.1	0	1	0	0	0	0	1	0	0	0	0	0
NA19321	1KG	H1.1.1	0	1	0	0	0	0	1	0	0	0	0	0
NA19327	1KG	H1.1.1	0	1	0	0	0	0	1	0	0	0	0	0
NA19327	1KG	H1.1.2	0	1	0	0	0	0	1	1	0	0	0	0
NA19328	1KG	H1.1.1	0	1	0	0	0	0	1	0	0	0	0	0
NA19328	1KG	H1.1.2	0	1	0	0	0	0	1	1	0	0	0	0
NA19332	1KG	H1.1.1	0	1	0	0	0	0	1	0	0	0	0	0
NA19332	1KG	H1.1.2	0	1	0	0	0	0	1	1	0	0	0	0
NA19334	1KG	H1.1.1	0	1	0	0	0	0	1	0	0	0	0	0
NA19334	1KG	H1.1.1	0	1	0	0	0	0	1	0	0	0	0	0
NA19350	1KG	H1.1.1	0	1	0	0	0	0	1	0	0	0	0	0
NA19350	1KG	H1.1.2	0	1	0	0	0	0	1	1	0	0	0	0
NA19359	1KG	H1.1.1	0	1	0	0	0	0	1	0	0	0	0	0
NA19359	1KG	H1.1.1	0	1	0	0	0	0	1	0	0	0	0	0
NA19371	1KG	H1.1.1	0	1	0	0	0	0	1	0	0	0	0	0
NA19371	1KG	H1.1.2	0	1	0	0	0	0	1	1	0	0	0	0
NA19372	1KG	H1.1.1	0	1	0	0	0	0	1	0	0	0	0	0
NA19372	1KG	H1.1.1	0	1	0	0	0	0	1	0	0	0	0	0
NA19373	1KG	H1.1.1	0	1	0	0	0	0	1	0	0	0	0	0
NA19373	1KG	H1.1.2	0	1	0	0	0	0	1	1	0	0	0	0
NA19374	1KG	H1.1.1	0	1	0	0	0	0	1	0	0	0	0	0
NA19374	1KG	H1.1.2	0	1	0	0	0	0	1	1	0	0	0	0
NA19377	1KG	H1.1.1	0	1	0	0	0	0	1	0	0	0	0	0
NA19377	1KG	H1.1.2	0	1	0	0	0	0	1	1	0	0	0	0
NA19381	1KG	H1.1.1	0	1	0	0	0	0	1	0	0	0	0	0
NA19381	1KG	H1.1.2	0	1	0	0	0	0	1	1	0	0	0	0
NA19383	1KG	H1.1.1	0	1	0	0	0	0	1	0	0	0	0	0
NA19383	1KG	H1.1.2	0	1	0	0	0	0	1	1	0	0	0	0
NA19385	1KG	H1.1.1	0	1	0	0	0	0	1	0	0	0	0	0
NA19385	1KG	H1.1.2	0	1	0	0	0	0	1	1	0	0	0	0
NA19393	1KG	H1.1.1	0	1	0	0	0	0	1	0	0	0	0	0
NA19393	1KG	H1.1.2	0	1	0	0	0	0	1	1	0	0	0	0
NA19394	1KG	H1.1.1	0	1	0	0	0	0	1	0	0	0	0	0
NA19394	1KG	H1.1.1	0	1	0	0	0	0	1	0	0	0	0	0
NA19396	1KG	H1.1.1	0	1	0	0	0	0	1	0	0	0	0	0
NA19396	1KG	H1.1.2	0	1	0	0	0	0	1	1	0	0	0	0
NA19397	1KG	H1.1.1	0	1	0	0	0	0	1	0	0	0	0	0
NA19397	1KG	H1.1.2	0	1	0	0	0	0	1	1	0	0	0	0
NA19398	1KG	H1.1.1	0	1	0	0	0	0	1	0	0	0	0	0
NA19398	1KG	H1.1.2	0	1	0	0	0	0	1	1	0	0	0	0
NA19399	1KG	H1.1.1	0	1	0	0	0	0	1	0	0	0	0	0
NA19399	1KG	H1.1.2	0	1	0	0	0	0	1	1	0	0	0	0
NA19401	1KG	H1.1.1	0	1	0	0	0	0	1	0	0	0	0	0
NA19401	1KG	H1.1.2	0	1	0	0	0	0	1	1	0	0	0	0
NA19403	1KG	H1.1.1	0	1	0	0	0	0	1	0	0	0	0	0
NA19403	1KG	H1.1.2	0	1	0	0	0	0	1	1	0	0	0	0
NA19428	1KG	H1.1.1	0	1	0	0	0	0	1	0	0	0	0	0
NA19428	1KG	H1.1.1	0	1	0	0	0	0	1	0	0	0	0	0
NA19434	1KG	H1.1.1	0	1	0	0	0	0	1	0	0	0	0	0
NA19434	1KG	H1.1.2	0	1	0	0	0	0	1	1	0	0	0	0
NA19435	1KG	H1.1.1	0	1	0	0	0	0	1	0	0	0	0	0
NA19435	1KG	H1.1.2	0	1	0	0	0	0	1	1	0	0	0	0
NA19436	1KG	H1.1.1	0	1	0	0	0	0	1	0	0	0	0	0
NA19436	1KG	H1.1.2	0	1	0	0	0	0	1	1	0	0	0	0
NA19437	1KG	H1.1.1	0	1	0	0	0	0	1	0	0	0	0	0
NA19437	1KG	H1.1.1	0	1	0	0	0	0	1	0	0	0	0	0
NA19439	1KG	H1.1.1	0	1	0	0	0	0	1	0	0	0	0	0
NA19439	1KG	H1.1.2	0	1	0	0	0	0	1	1	0	0	0	0
NA19451	1KG	H1.1.1	0	1	0	0	0	0	1	0	0	0	0	0
NA19451	1KG	H1.1.2	0	1	0	0	0	0	1	1	0	0	0	0
NA19453	1KG	H1.1.1	0	1	0	0	0	0	1	0	0	0	0	0
NA19453	1KG	H1.1.2	0	1	0	0	0	0	1	1	0	0	0	0
NA19456	1KG	H1.1.1	0	1	0	0	0	0	1	0	0	0	0	0
NA19456	1KG	H1.1.2	0	1	0	0	0	0	1	1	0	0	0	0
NA19457	1KG	H1.1.1	0	1	0	0	0	0	1	0	0	0	0	0
NA19457	1KG	H1.1.1	0	1	0	0	0	0	1	0	0	0	0	0
NA19462	1KG	H1.1.1	0	1	0	0	0	0	1	0	0	0	0	0
NA19462	1KG	H1.1.1	0	1	0	0	0	0	1	0	0	0	0	0
NA19463	1KG	H1.1.1	0	1	0	0	0	0	1	0	0	0	0	0
NA19463	1KG	H1.1.2	0	1	0	0	0	0	1	1	0	0	0	0
NA19467	1KG	H1.1.1	0	1	0	0	0	0	1	0	0	0	0	0
NA19467	1KG	H1.1.1	0	1	0	0	0	0	1	0	0	0	0	0
NA19471	1KG	H1.1.1	0	1	0	0	0	0	1	0	0	0	0	0
NA19471	1KG	H1.1.2	0	1	0	0	0	0	1	1	0	0	0	0
NA19472	1KG	H1.1.1	0	1	0	0	0	0	1	0	0	0	0	0
NA19472	1KG	H1.1.2	0	1	0	0	0	0	1	1	0	0	0	0
NA19473	1KG	H1.1.1	0	1	0	0	0	0	1	0	0	0	0	0
NA19473	1KG	H1.1.1	0	1	0	0	0	0	1	0	0	0	0	0
NA19648	1KG	H1.1.4	0	1	0	0	0	0	1	1	1	1	0	0
NA19648	1KG	H2.2.2	1	0	0	0	1	1	0	0	0	0	1	1
NA19651	1KG	H1.2.1	0	1	1	0	0	0	1	0	0	0	0	0
NA19651	1KG	H2.2.2	1	0	0	0	1	1	0	0	0	0	1	1
NA19652	1KG	H1.1.1	0	1	0	0	0	0	1	0	0	0	0	0
NA19652	1KG	H1.1.2	0	1	0	0	0	0	1	1	0	0	0	0
NA19654	1KG	H1.1.1	0	1	0	0	0	0	1	0	0	0	0	0
NA19654	1KG	H1.1.1	0	1	0	0	0	0	1	0	0	0	0	0
NA19655	1KG	H1.1.1	0	1	0	0	0	0	1	0	0	0	0	0
NA19655	1KG	H1.1.2	0	1	0	0	0	0	1	1	0	0	0	0
NA19657	1KG	H1.1.1	0	1	0	0	0	0	1	0	0	0	0	0
NA19657	1KG	H1.2.1	0	1	1	0	0	0	1	0	0	0	0	0
NA19663	1KG	H1.1.2	0	1	0	0	0	0	1	1	0	0	0	0
NA19663	1KG	H1.2.1	0	1	1	0	0	0	1	0	0	0	0	0
NA19664	1KG	H1.1.1	0	1	0	0	0	0	1	0	0	0	0	0
NA19664	1KG	H1.1.2	0	1	0	0	0	0	1	1	0	0	0	0
NA19676	1KG	H1.1.3	0	1	0	0	0	0	1	1	1	0	0	0
NA19676	1KG	H1.1.4	0	1	0	0	0	0	1	1	1	1	0	0
NA19685	1KG	H1.1.1	0	1	0	0	0	0	1	0	0	0	0	0
NA19685	1KG	H1.1.1	0	1	0	0	0	0	1	0	0	0	0	0
NA19701	1KG	H1.1.2	0	1	0	0	0	0	1	1	0	0	0	0
NA19701	1KG	H1.2.1	0	1	1	0	0	0	1	0	0	0	0	0
NA19704	1KG	H1.1.1	0	1	0	0	0	0	1	0	0	0	0	0
NA19704	1KG	H1.1.1	0	1	0	0	0	0	1	0	0	0	0	0
NA19711	1KG	H1.1.1	0	1	0	0	0	0	1	0	0	0	0	0
NA19711	1KG	H1.2.1	0	1	1	0	0	0	1	0	0	0	0	0
NA19712	1KG	H1.1.1	0	1	0	0	0	0	1	0	0	0	0	0
NA19712	1KG	H1.1.1	0	1	0	0	0	0	1	0	0	0	0	0
NA19716	1KG	H1.2.1	0	1	1	0	0	0	1	0	0	0	0	0
NA19716	1KG	H2.2.2	1	0	0	0	1	1	0	0	0	0	1	1
NA19719	1KG	H1.1.1	0	1	0	0	0	0	1	0	0	0	0	0
NA19719	1KG	H1.1.1	0	1	0	0	0	0	1	0	0	0	0	0
NA19722	1KG	H1.1.1	0	1	0	0	0	0	1	0	0	0	0	0
NA19722	1KG	H1.1.2	0	1	0	0	0	0	1	1	0	0	0	0
NA19728	1KG	H1.1.1	0	1	0	0	0	0	1	0	0	0	0	0
NA19728	1KG	H1.1.2	0	1	0	0	0	0	1	1	0	0	0	0
NA19729	1KG	H1.1.1	0	1	0	0	0	0	1	0	0	0	0	0
NA19729	1KG	H1.1.1	0	1	0	0	0	0	1	0	0	0	0	0
NA19732	1KG	H1.1.1	0	1	0	0	0	0	1	0	0	0	0	0
NA19732	1KG	H1.1.2	0	1	0	0	0	0	1	1	0	0	0	0
NA19746	1KG	H1.1.1	0	1	0	0	0	0	1	0	0	0	0	0
NA19746	1KG	H1.2.1	0	1	1	0	0	0	1	0	0	0	0	0
NA19747	1KG	H1.1.1	0	1	0	0	0	0	1	0	0	0	0	0
NA19747	1KG	H1.1.2	0	1	0	0	0	0	1	1	0	0	0	0
NA19756	1KG	H1.1.1	0	1	0	0	0	0	1	0	0	0	0	0
NA19756	1KG	H1.1.2	0	1	0	0	0	0	1	1	0	0	0	0
NA19762	1KG	H1.1.1	0	1	0	0	0	0	1	0	0	0	0	0
NA19762	1KG	H1.1.1	0	1	0	0	0	0	1	0	0	0	0	0
NA19776	1KG	H1.1.1	0	1	0	0	0	0	1	0	0	0	0	0
NA19776	1KG	H1.1.1	0	1	0	0	0	0	1	0	0	0	0	0
NA19779	1KG	H1.1.1	0	1	0	0	0	0	1	0	0	0	0	0
NA19779	1KG	H1.1.2	0	1	0	0	0	0	1	1	0	0	0	0
NA19783	1KG	H1.1.1	0	1	0	0	0	0	1	0	0	0	0	0
NA19783	1KG	H1.1.1	0	1	0	0	0	0	1	0	0	0	0	0
NA19788	1KG	H1.1.3	0	1	0	0	0	0	1	1	1	0	0	0
NA19788	1KG	H1.2.1	0	1	1	0	0	0	1	0	0	0	0	0
NA19789	1KG	H1.1.1	0	1	0	0	0	0	1	0	0	0	0	0
NA19789	1KG	H1.2.1	0	1	1	0	0	0	1	0	0	0	0	0
NA19834	1KG	H1.1.1	0	1	0	0	0	0	1	0	0	0	0	0
NA19834	1KG	H1.2.1	0	1	1	0	0	0	1	0	0	0	0	0
NA19901	1KG	H1.1.1	0	1	0	0	0	0	1	0	0	0	0	0
NA19901	1KG	H1.1.2	0	1	0	0	0	0	1	1	0	0	0	0
NA19904	1KG	H1.1.1	0	1	0	0	0	0	1	0	0	0	0	0
NA19904	1KG	H1.1.2	0	1	0	0	0	0	1	1	0	0	0	0
NA19909	1KG	H1.1.1	0	1	0	0	0	0	1	0	0	0	0	0
NA19909	1KG	H1.1.1	0	1	0	0	0	0	1	0	0	0	0	0
NA19914	1KG	H1.1.1	0	1	0	0	0	0	1	0	0	0	0	0
NA19914	1KG	H1.1.1	0	1	0	0	0	0	1	0	0	0	0	0
NA19916	1KG	H1.1.1	0	1	0	0	0	0	1	0	0	0	0	0
NA19916	1KG	H1.1.1	0	1	0	0	0	0	1	0	0	0	0	0
NA19917	1KG	H1.1.1	0	1	0	0	0	0	1	0	0	0	0	0
NA19917	1KG	H1.1.2	0	1	0	0	0	0	1	1	0	0	0	0
NA19920	1KG	H1.1.1	0	1	0	0	0	0	1	0	0	0	0	0
NA19920	1KG	H1.1.2	0	1	0	0	0	0	1	1	0	0	0	0
NA20126	1KG	H1.1.1	0	1	0	0	0	0	1	0	0	0	0	0
NA20126	1KG	H1.1.1	0	1	0	0	0	0	1	0	0	0	0	0
NA20127	1KG	H1.1.1	0	1	0	0	0	0	1	0	0	0	0	0
NA20127	1KG	H1.1.2	0	1	0	0	0	0	1	1	0	0	0	0
NA20291	1KG	H1.1.1	0	1	0	0	0	0	1	0	0	0	0	0
NA20291	1KG	H1.1.2	0	1	0	0	0	0	1	1	0	0	0	0
NA20332	1KG	H1.1.1	0	1	0	0	0	0	1	0	0	0	0	0
NA20332	1KG	H1.1.2	0	1	0	0	0	0	1	1	0	0	0	0
NA20336	1KG	H1.1.1	0	1	0	0	0	0	1	0	0	0	0	0
NA20336	1KG	H1.1.2	0	1	0	0	0	0	1	1	0	0	0	0
NA20340	1KG	H1.1.1	0	1	0	0	0	0	1	0	0	0	0	0
NA20340	1KG	H1.1.2	0	1	0	0	0	0	1	1	0	0	0	0
NA20344	1KG	H1.1.1	0	1	0	0	0	0	1	0	0	0	0	0
NA20344	1KG	H1.1.2	0	1	0	0	0	0	1	1	0	0	0	0
NA20346	1KG	H1.1.1	0	1	0	0	0	0	1	0	0	0	0	0
NA20346	1KG	H1.1.2	0	1	0	0	0	0	1	1	0	0	0	0
NA20348	1KG	H1.1.1	0	1	0	0	0	0	1	0	0	0	0	0
NA20348	1KG	H1.1.2	0	1	0	0	0	0	1	1	0	0	0	0
NA20506	1KG	H1.2.1	0	1	1	0	0	0	1	0	0	0	0	0
NA20506	1KG	H2.2.2	1	0	0	0	1	1	0	0	0	0	1	1
NA20508	1KG	H1.1.1	0	1	0	0	0	0	1	0	0	0	0	0
NA20508	1KG	H1.1.1	0	1	0	0	0	0	1	0	0	0	0	0
NA20509	1KG	H2.1.2	1	0	0	0	1	0	0	0	0	0	1	1
NA20509	1KG	H2.2.2	1	0	0	0	1	1	0	0	0	0	1	1
NA20518	1KG	H1.1.1	0	1	0	0	0	0	1	0	0	0	0	0
NA20518	1KG	H1.1.2	0	1	0	0	0	0	1	1	0	0	0	0
NA20519	1KG	H1.2.1	0	1	1	0	0	0	1	0	0	0	0	0
NA20519	1KG	H2.2.2	1	0	0	0	1	1	0	0	0	0	1	1
NA20520	1KG	H1.2.1	0	1	1	0	0	0	1	0	0	0	0	0
NA20520	1KG	H2.2.2	1	0	0	0	1	1	0	0	0	0	1	1
NA20525	1KG	H1.1.1	0	1	0	0	0	0	1	0	0	0	0	0
NA20525	1KG	H1.2.1	0	1	1	0	0	0	1	0	0	0	0	0
NA20529	1KG	H1.1.1	0	1	0	0	0	0	1	0	0	0	0	0
NA20529	1KG	H1.2.1	0	1	1	0	0	0	1	0	0	0	0	0
NA20530	1KG	H1.2.1	0	1	1	0	0	0	1	0	0	0	0	0
NA20530	1KG	H2.2.2	1	0	0	0	1	1	0	0	0	0	1	1
NA20536	1KG	H1.1.1	0	1	0	0	0	0	1	0	0	0	0	0
NA20536	1KG	H1.1.2	0	1	0	0	0	0	1	1	0	0	0	0
NA20537	1KG	H1.1.3	0	1	0	0	0	0	1	1	1	0	0	0
NA20537	1KG	H1.2.1	0	1	1	0	0	0	1	0	0	0	0	0
NA20540	1KG	H1.1.1	0	1	0	0	0	0	1	0	0	0	0	0
NA20540	1KG	H1.2.1	0	1	1	0	0	0	1	0	0	0	0	0
NA20541	1KG	H1.2.1	0	1	1	0	0	0	1	0	0	0	0	0
NA20541	1KG	H2.2.2	1	0	0	0	1	1	0	0	0	0	1	1
NA20543	1KG	H1.1.1	0	1	0	0	0	0	1	0	0	0	0	0
NA20543	1KG	H1.2.1	0	1	1	0	0	0	1	0	0	0	0	0
NA20544	1KG	H1.1.1	0	1	0	0	0	0	1	0	0	0	0	0
NA20544	1KG	H1.1.1	0	1	0	0	0	0	1	0	0	0	0	0
NA20586	1KG	H1.1.2	0	1	0	0	0	0	1	1	0	0	0	0
NA20586	1KG	H1.2.1	0	1	1	0	0	0	1	0	0	0	0	0
NA20588	1KG	H1.1.1	0	1	0	0	0	0	1	0	0	0	0	0
NA20588	1KG	H1.2.1	0	1	1	0	0	0	1	0	0	0	0	0
NA20589	1KG	H2.1.2	1	0	0	0	1	0	0	0	0	0	1	1
NA20589	1KG	H2.1.2	1	0	0	0	1	0	0	0	0	0	1	1
NA20754	1KG	H1.1.1	0	1	0	0	0	0	1	0	0	0	0	0
NA20754	1KG	H1.1.1	0	1	0	0	0	0	1	0	0	0	0	0
NA20757	1KG	H1.1.1	0	1	0	0	0	0	1	0	0	0	0	0
NA20757	1KG	H1.1.2	0	1	0	0	0	0	1	1	0	0	0	0
NA20761	1KG	H1.1.1	0	1	0	0	0	0	1	0	0	0	0	0
NA20761	1KG	H1.2.1	0	1	1	0	0	0	1	0	0	0	0	0
NA20769	1KG	H1.1.1	0	1	0	0	0	0	1	0	0	0	0	0
NA20769	1KG	H1.2.1	0	1	1	0	0	0	1	0	0	0	0	0
NA20771	1KG	H1.2.1	0	1	1	0	0	0	1	0	0	0	0	0
NA20771	1KG	H2.2.2	1	0	0	0	1	1	0	0	0	0	1	1
NA20775	1KG	H1.1.1	0	1	0	0	0	0	1	0	0	0	0	0
NA20775	1KG	H1.1.2	0	1	0	0	0	0	1	1	0	0	0	0
NA20778	1KG	H1.1.1	0	1	0	0	0	0	1	0	0	0	0	0
NA20778	1KG	H1.2.1	0	1	1	0	0	0	1	0	0	0	0	0
NA20783	1KG	H1.1.1	0	1	0	0	0	0	1	0	0	0	0	0
NA20783	1KG	H1.1.1	0	1	0	0	0	0	1	0	0	0	0	0
NA20792	1KG	H1.1.1	0	1	0	0	0	0	1	0	0	0	0	0
NA20792	1KG	H1.1.1	0	1	0	0	0	0	1	0	0	0	0	0
NA20796	1KG	H1.1.1	0	1	0	0	0	0	1	0	0	0	0	0
NA20796	1KG	H1.1.2	0	1	0	0	0	0	1	1	0	0	0	0
NA20803	1KG	H1.2.1	0	1	1	0	0	0	1	0	0	0	0	0
NA20803	1KG	H2.2.2	1	0	0	0	1	1	0	0	0	0	1	1
NA20804	1KG	H1.1.1	0	1	0	0	0	0	1	0	0	0	0	0
NA20804	1KG	H1.1.1	0	1	0	0	0	0	1	0	0	0	0	0
NA20813	1KG	H1.1.1	0	1	0	0	0	0	1	0	0	0	0	0
NA20813	1KG	H1.1.1	0	1	0	0	0	0	1	0	0	0	0	0
NA20819	1KG	H1.1.1	0	1	0	0	0	0	1	0	0	0	0	0
NA20819	1KG	H1.1.2	0	1	0	0	0	0	1	1	0	0	0	0
NA20828	1KG	H2.1.2	1	0	0	0	1	0	0	0	0	0	1	1
NA20828	1KG	H2.2.2	1	0	0	0	1	1	0	0	0	0	1	1
